32768.0_Byte_128.0_BW_1_1_0:
  IO_bus_width: 128
  area: 0.086445
  bank_count: 1
  cost:
    read_word: 0.0117162
    write_word: 0.0139222
  ex_rd_port: 1
  ex_wr_port: 1
  latency: 0.366039
  memory_type: sram
  rd_wr_port: 0
  size_bit: 262144
  size_byte: 32768
  technology: 0.028

