8192.0_Byte_72.0_BW_1_1_0:
  IO_bus_width: 72
  area: 0.0241391
  bank_count: 1
  cost:
    read_word: 0.00367234
    write_word: 0.00419456
  ex_rd_port: 1
  ex_wr_port: 1
  latency: 0.204656
  memory_type: sram
  rd_wr_port: 0
  size_bit: 65536
  size_byte: 8192
  technology: 0.028

