1250000000.0_Byte_64.0_BW_0_0_1:
  IO_bus_width: 64
  area: 274.252
  bank_count: 1
  cost:
    read_word: 0.411227
    write_word: 6.01728
  ex_rd_port: 0
  ex_wr_port: 0
  latency: 19.5758
  memory_type: dram
  rd_wr_port: 1
  size_bit: 10000000000
  size_byte: 1250000000
  technology: 0.028

